NAVSTAR 43 (USA 132)
1 24876U 97035A   17080.81589631 +.00000023 +00000-0 +00000-0 0  9993
2 24876 055.5732 230.5481 0037582 106.5239 253.8608 02.00562032144270
NAVSTAR 46 (USA 145)
1 25933U 99055A   17080.56882188 +.00000006 +00000-0 +00000-0 0  9998
2 25933 051.5736 081.4757 0163930 093.2272 017.7892 02.00559567127889
NAVSTAR 47 (USA 150)
1 26360U 00025A   17080.90329009 -.00000017 +00000-0 +00000-0 0  9991
2 26360 053.1016 158.5312 0042446 090.0910 004.1392 02.00566085123590
NAVSTAR 48 (USA 151)
1 26407U 00040A   17080.74598657 -.00000075 +00000-0 +00000-0 0  9993
2 26407 056.6561 348.5577 0200909 269.9664 351.8890 02.00567516122260
NAVSTAR 49 (USA 154)
1 26605U 00071A   17080.56865566 +.00000020 +00000-0 +00000-0 0  9992
2 26605 055.1443 228.3233 0090222 248.2241 153.6762 02.00568098119856
NAVSTAR 50 (USA 156)
1 26690U 01004A   17080.77588583 -.00000020 +00000-0 +00000-0 0  9998
2 26690 053.0248 161.4833 0180308 255.7941 048.0074 02.00554231118269
NAVSTAR 51 (USA 166)
1 27663U 03005A   17080.61325289 -.00000075 +00000-0 +00000-0 0  9997
2 27663 056.7262 348.2971 0091966 022.5320 263.0233 02.00565059103626
NAVSTAR 52 (USA 168)
1 27704U 03010A   17080.49417115 +.00000020 +00000-0 +00000-0 0  9994
2 27704 053.8069 101.8604 0241936 262.9762 256.4315 02.00558303102412
NAVSTAR 53 (USA 175)
1 28129U 03058A   17080.50861812 -.00000021 +00000-0 +00000-0 0  9999
2 28129 052.9110 161.4945 0077352 258.1727 101.0031 02.00576299097101
NAVSTAR 54 (USA 177)
1 28190U 04009A   17080.81460299 -.00000025 +00000-0 +00000-0 0  9996
2 28190 055.9589 049.3755 0100290 052.6252 170.0808 02.00565994095301
NAVSTAR 55 (USA 178)
1 28361U 04023A   17080.70237266 +.00000012 +00000-0 +00000-0 0  9991
2 28361 054.1268 223.5190 0115483 218.2315 196.8204 02.00550979093362
NAVSTAR 56 (USA 180)
1 28474U 04045A   17080.60479517 +.00000023 +00000-0 +00000-0 0  9998
2 28474 054.1886 101.2910 0169366 245.5476 099.1507 02.00554094090747
NAVSTAR 57 (USA 183)
1 28874U 05038A   17080.81532927 -.00000029 +00000-0 +00000-0 0  9990
2 28874 056.1176 046.6251 0118934 254.0349 349.2912 02.00572787084150
NAVSTAR 58 (USA 190)
1 29486U 06042A   17080.83699059 +.00000023 +00000-0 +00000-0 0  9991
2 29486 055.4544 285.7807 0085655 343.1061 198.8808 02.00564270076755
NAVSTAR 59 (USA 192)
1 29601U 06052A   17080.52853506 -.00000075 +00000-0 +00000-0 0  9994
2 29601 056.6986 347.2208 0064079 045.3019 315.2497 02.00576927075724
NAVSTAR 60 (USA 196)
1 32260U 07047A   17080.84833277 +.00000005 +00000-0 +00000-0 0  9994
2 32260 053.2532 219.9387 0089802 031.9360 328.5744 02.00552502069170
NAVSTAR 61 (USA 199)
1 32384U 07062A   17080.89829289 -.00000028 +00000-0 +00000-0 0  9997
2 32384 056.1800 047.1979 0007395 340.7463 190.4141 02.00565957067877
NAVSTAR 62 (USA 201)
1 32711U 08012A   17080.75012327 +.00000023 +00000-0 +00000-0 0  9993
2 32711 055.1817 285.1735 0103579 211.2522 148.1560 02.00572355066099
NAVSTAR 64 (USA 206)
1 35752U 09043A   17080.83994170 -.00000019 +00000-0 +00000-0 0  9996
2 35752 054.2417 163.0591 0047894 028.9884 059.3715 02.00559380055689
NAVSTAR 65 (USA 213)
1 36585U 10022A   17080.81163826 -.00000071 +00000-0 +00000-0 0  9992
2 36585 056.0094 344.0887 0061839 042.8107 128.0162 02.00570703049913
NAVSTAR 66 (USA 232)
1 37753U 11036A   17080.69359024 +.00000028 +00000-0 +00000-0 0  9990
2 37753 055.3974 104.2637 0062450 028.7302 144.6351 02.00561751041592
NAVSTAR 67 (USA 239)
1 38833U 12053A   17080.94181664 +.00000024 +00000-0 +00000-0 0  9997
2 38833 054.2102 282.1694 0055126 025.1620 335.1311 02.00560550032665
NAVSTAR 68 (USA 242)
1 39166U 13023A   17080.79582573 -.00000035 +00000-0 +00000-0 0  9995
2 39166 055.8258 043.6692 0045056 014.1483 345.9715 02.00565420028201
NAVSTAR 69 (USA 248)
1 39533U 14008A   17080.80015570 +.00000017 +00000-0 +00000-0 0  9996
2 39533 054.3648 287.4573 0025401 179.9184 180.1130 02.00560315022563
NAVSTAR 70 (USA 251)
1 39741U 14026A   17080.57811288 +.00000026 +00000-0 +00000-0 0  9991
2 39741 055.3850 103.7879 0009893 283.7928 076.1560 02.00567764020852
NAVSTAR 71 (USA 256)
1 40105U 14045A   17080.67134641 +.00000013 +00000-0 +00000-0 0  9996
2 40105 054.6493 223.3801 0006641 109.3326 250.7097 02.00563890018421
NAVSTAR 72 (USA 258)
1 40294U 14068A   17080.53990057 -.00000020 +00000-0 +00000-0 0  9995
2 40294 054.9879 163.9838 0005160 347.1962 012.8320 02.00551420017525
NAVSTAR 73 (USA 260)
1 40534U 15013A   17079.68083680 -.00000078 +00000-0 +00000-0 0  9995
2 40534 054.9675 343.3189 0017988 353.0142 006.9957 02.00563809014550
NAVSTAR 74 (USA 262)
1 40730U 15033A   17080.34057744 -.00000038 +00000-0 +00000-0 0  9998
2 40730 055.3605 043.3983 0027476 311.3595 048.3994 02.00571873012321
NAVSTAR 75 (USA 265)
1 41019U 15062A   17080.39298604 -.00000020 +00000-0 +00000-0 0  9999
2 41019 054.9982 163.7738 0024286 202.8779 157.0554 02.00563320010140
NAVSTAR 76 (USA 266)
1 41328U 16007A   17080.47829237 +.00000015 +00000-0 +00000-0 0  9996
2 41328 054.9079 223.5516 0010239 214.8821 145.0216 02.00559562008202
