1 41884U 16078A   17091.55123679 +.00001520 +00000-0 +84649-4 0  9996
2 41884 034.9568 140.2851 0016682 016.5557 343.5696 15.13468868016222
1 41885U 16078B   17091.52493997 +.00001558 +00000-0 +85751-4 0  9993
2 41885 034.9497 140.0163 0014476 015.0580 345.0560 15.13883959016226
1 41886U 16078C   17091.53557360 +.00002283 +00000-0 +12532-3 0  9992
2 41886 034.9618 140.1785 0015384 015.9566 344.1626 15.13737737016220
1 41887U 16078D   17091.55607095 +.00002321 +00000-0 +12828-3 0  9997
2 41887 034.9532 140.2976 0017222 017.6128 342.5190 15.13460718016225
1 41888U 16078E   17091.54547435 +.00002999 +00000-0 +16467-3 0  9992
2 41888 034.9496 140.1899 0016287 017.2152 342.9104 15.13583097016215
1 41889U 16078F   17091.58140718 +.00002497 +00000-0 +13595-3 0  9992
2 41889 034.9572 139.5909 0015207 014.5328 345.5811 15.13976096016221
1 41890U 16078G   17091.50937716 +.00001728 +00000-0 +94418-4 0  9998
2 41890 034.9521 139.9057 0014043 014.5443 345.5671 15.14087806016216
1 41891U 16078H   17091.57065003 +.00002305 +00000-0 +12519-3 0  9990
2 41891 034.9545 139.4838 0013406 014.4391 345.6697 15.14124081016236
