NAVSTAR 43 (USA 132)
1 24876U 97035A   17091.78472898 +.00000018 +00000-0 +00000-0 0  9991
2 24876 055.5700 230.1164 0037212 106.5619 253.8185 02.00561893144297
NAVSTAR 46 (USA 145)
1 25933U 99055A   17091.57538587 -.00000005 +00000-0 +00000-0 0  9992
2 25933 051.5818 080.9932 0164096 093.3488 044.9111 02.00559184128111
NAVSTAR 47 (USA 150)
1 26360U 00025A   17091.83120691 -.00000002 +00000-0 +00000-0 0  9995
2 26360 053.1029 158.0750 0042077 090.3605 334.5453 02.00565359123815
NAVSTAR 48 (USA 151)
1 26407U 00040A   17091.63277494 -.00000073 +00000-0 +00000-0 0  9994
2 26407 056.6531 348.1328 0200559 270.0244 292.7346 02.00567229122489
NAVSTAR 49 (USA 154)
1 26605U 00071A   17091.57259722 +.00000017 +00000-0 +00000-0 0  9992
2 26605 055.1411 227.8860 0090732 248.1743 179.3174 02.00567594120082
NAVSTAR 50 (USA 156)
1 26690U 01004A   17091.87441550 -.00000004 +00000-0 +00000-0 0  9995
2 26690 053.0259 161.0192 0180893 255.9912 141.2161 02.00553870118490
NAVSTAR 51 (USA 166)
1 27663U 03005A   17091.08220583 -.00000069 +00000-0 +00000-0 0  9994
2 27663 056.7232 347.8891 0092194 022.8669 261.7851 02.00564205103838
NAVSTAR 52 (USA 168)
1 27704U 03010A   17091.41830767 +.00000016 +00000-0 +00000-0 0  9995
2 27704 053.8139 101.4065 0242119 263.2298 223.8118 02.00558878102639
NAVSTAR 53 (USA 175)
1 28129U 03058A   17091.97509829 -.00000005 +00000-0 +00000-0 0  9991
2 28129 052.9124 161.0135 0077659 258.5993 100.5922 02.00577273097344
NAVSTAR 54 (USA 177)
1 28190U 04009A   17091.71802698 -.00000036 +00000-0 +00000-0 0  9992
2 28190 055.9650 048.9438 0100419 053.0064 122.5771 02.00565557095522
NAVSTAR 55 (USA 178)
1 28361U 04023A   17091.83408556 +.00000010 +00000-0 +00000-0 0  9997
2 28361 054.1238 223.0655 0116051 218.4709 313.7990 02.00551510093589
NAVSTAR 56 (USA 180)
1 28474U 04045A   17091.83780424 +.00000016 +00000-0 +00000-0 0  9999
2 28474 054.1955 100.8287 0169618 245.8492 289.2876 02.00553102090972
NAVSTAR 57 (USA 183)
1 28874U 05038A   17091.75564301 -.00000039 +00000-0 +00000-0 0  9997
2 28874 056.1233 046.1935 0118892 254.1876 328.9053 02.00571899084374
NAVSTAR 58 (USA 190)
1 29486U 06042A   17091.57087399 +.00000004 +00000-0 +00000-0 0  9991
2 29486 055.4481 285.3509 0085464 343.3444 029.0564 02.00563357076978
NAVSTAR 59 (USA 192)
1 29601U 06052A   17091.99520255 -.00000074 +00000-0 +00000-0 0  9998
2 29601 056.6954 346.7738 0064413 045.7926 314.7747 02.00577488076001
NAVSTAR 60 (USA 196)
1 32260U 07047A   17091.81762742 +.00000007 +00000-0 +00000-0 0  9993
2 32260 053.2501 219.4820 0089785 031.9855 328.5362 02.00551639069381
NAVSTAR 61 (USA 199)
1 32384U 07062A   17091.89663260 -.00000039 +00000-0 +00000-0 0  9996
2 32384 056.1860 046.7647 0007358 343.6665 208.9148 02.00566348068110
NAVSTAR 62 (USA 201)
1 32711U 08012A   17091.22054685 +.00000004 +00000-0 +00000-0 0  9999
2 32711 055.1756 284.7518 0103709 211.5132 147.8610 02.00554513066302
NAVSTAR 64 (USA 206)
1 35752U 09043A   17091.83798684 -.00000002 +00000-0 +00000-0 0  9992
2 35752 054.2424 162.6128 0047940 028.7406 080.6273 02.00558415055907
NAVSTAR 65 (USA 213)
1 36585U 10022A   17091.49024634 -.00000070 +00000-0 +00000-0 0  9990
2 36585 056.0060 343.6651 0062249 043.1868 278.3787 02.00571050050127
NAVSTAR 66 (USA 232)
1 37753U 11036A   17091.63991265 +.00000021 +00000-0 +00000-0 0  9998
2 37753 055.4038 103.8266 0062984 028.7437 128.3510 02.00561650041817
NAVSTAR 67 (USA 239)
1 38833U 12053A   17091.41207402 +.00000004 +00000-0 +00000-0 0  9998
2 38833 054.2040 281.7373 0055283 025.4328 334.8337 02.00560492032082
NAVSTAR 68 (USA 242)
1 39166U 13023A   17091.76452894 -.00000044 +00000-0 +00000-0 0  9996
2 39166 055.8313 043.2328 0045595 014.6314 345.4867 02.00565161028420
NAVSTAR 69 (USA 248)
1 39533U 14008A   17091.27042402 -.00000001 +00000-0 +00000-0 0  9997
2 39533 054.3586 287.0268 0025844 179.8839 180.1195 02.00560567022760
NAVSTAR 70 (USA 251)
1 39741U 14026A   17091.54662696 +.00000021 +00000-0 +00000-0 0  9992
2 39741 055.3914 103.3500 0010071 285.2860 074.6357 02.00566797021079
NAVSTAR 71 (USA 256)
1 40105U 14045A   17091.64003076 +.00000013 +00000-0 +00000-0 0  9992
2 40105 054.6465 222.9390 0006458 111.4143 248.6318 02.00564541018645
NAVSTAR 72 (USA 258)
1 40294U 14068A   17091.50930096 +.00000003 +00000-0 +00000-0 0  9991
2 40294 054.9887 163.5474 0005479 345.3360 014.7140 02.00552171017740
NAVSTAR 73 (USA 260)
1 40534U 15013A   17091.14821250 -.00000069 +00000-0 +00000-0 0  9993
2 40534 054.9635 342.8522 0018108 354.4360 005.5875 02.00562981014355
NAVSTAR 74 (USA 262)
1 40730U 15033A   17091.30892327 -.00000045 +00000-0 +00000-0 0  9998
2 40730 055.3659 042.9570 0027558 312.6100 047.1452 02.00571002012548
NAVSTAR 75 (USA 265)
1 41019U 15062A   17091.36175460 +.00000005 +00000-0 +00000-0 0  9994
2 41019 054.9990 163.3380 0024673 203.6971 156.2555 02.00563236010363
NAVSTAR 76 (USA 266)
1 41328U 16007A   17091.94584173 +.00000011 +00000-0 +00000-0 0  9993
2 41328 054.9048 223.0937 0010828 215.4875 144.4181 02.00558976008437
