1 41884U 16078A   17093.53020282 +.00001659 +00000-0 +92229-4 0  9998
2 41884 034.9566 128.0124 0016509 034.3947 325.7832 15.13476071016528
1 41885U 16078B   17093.50336590 +.00001025 +00000-0 +57053-4 0  9991
2 41885 034.9510 127.7427 0014187 033.6026 326.5581 15.13886714016529
1 41886U 16078C   17093.51419250 +.00001520 +00000-0 +84090-4 0  9999
2 41886 034.9629 127.9062 0014843 034.5316 325.6352 15.13741349016529
1 41887U 16078D   17093.53505208 +.00001341 +00000-0 +74928-4 0  9991
2 41887 034.9544 128.0266 0016400 036.1702 324.0118 15.13463415016520
1 41888U 16078E   17093.52429640 +.00001586 +00000-0 +88017-4 0  9991
2 41888 034.9515 127.9196 0015141 036.0322 324.1405 15.13585208016511
1 41889U 16078F   17093.49376348 +.00002344 +00000-0 +12774-3 0  9993
2 41889 034.9577 127.7267 0014419 031.4865 328.6705 15.13984832016513
1 41890U 16078G   17093.48753412 +.00001258 +00000-0 +69241-4 0  9990
2 41890 034.9526 127.6275 0013515 032.3665 327.7875 15.14091560016517
1 41891U 16078H   17093.48282554 +.00001377 +00000-0 +75530-4 0  9995
2 41891 034.9561 127.6163 0012940 032.4738 327.6767 15.14126706016516
