1 41884U 16078A   17219.97821300 +.00000415 +00000-0 +24351-4 0  9996
2 41884 034.9570 063.8454 0015462 084.2725 275.9749 15.13616093035692
1 41885U 16078B   17219.98290790 +.00001918 +00000-0 +10469-3 0  9994
2 41885 034.9503 062.8141 0013844 084.0390 276.1898 15.14056574035702
1 41886U 16078C   17219.93827622 +.00000441 +00000-0 +25577-4 0  9997
2 41886 034.9594 063.5580 0014491 083.2464 276.9896 15.13915044035699
1 41887U 16078D   17219.78711576 +.00000410 +00000-0 +24073-4 0  9997
2 41887 034.9538 065.0713 0015817 083.4290 276.8221 15.13593134035665
1 41888U 16078E   17219.89608311 +.00002005 +00000-0 +11014-3 0  9994
2 41888 034.9509 064.0138 0014977 083.9756 276.2662 15.13785472035674
1 41889U 16078F   17219.76466521 +.00000421 +00000-0 +24330-4 0  9992
2 41889 034.9588 064.0222 0013243 080.3896 279.8311 15.14174200035668
1 41890U 16078G   17219.94755300 +.00000416 +00000-0 +24001-4 0  9999
2 41890 034.9526 062.5648 0013037 083.2374 276.9820 15.14269771035695
1 41891U 16078H   17219.94229697 +.00000412 +00000-0 +23761-4 0  9993
2 41891 034.9558 062.5773 0012526 082.9274 277.2862 15.14275528035694
