NAVSTAR 43 (USA 132)
1 24876U 97035A   17034.94629293  .00000088  00000-0  00000+0 0  9995
2 24876  55.5842 232.3555 0038532 106.8151 253.6370  2.00561836143157
NAVSTAR 46 (USA 145)
1 25933U 99055A   17034.49685955 -.00000038  00000-0  00000+0 0  9997
2 25933  51.5400  83.4979 0164013  92.7264 232.1483  2.00559997126967
NAVSTAR 47 (USA 150)
1 26360U 00025A   17034.35848250  .00000027  00000-0  00000+0 0  9992
2 26360  53.0982 160.4735 0044128  88.6178 236.9526  2.00568062122657
NAVSTAR 48 (USA 151)
1 26407U 00040A   17034.53039963 -.00000059  00000-0  00000+0 0  9990
2 26407  56.6684 350.3591 0202442 269.5344 101.8988  2.00567753121339
NAVSTAR 49 (USA 154)
1 26605U 00071A   17034.46072762  .00000087  00000-0  00000+0 0  9990
2 26605  55.1553 230.1575 0088739 248.5115 340.1936  2.00569350118937
NAVSTAR 50 (USA 156)
1 26690U 01004A   17034.47212888  .00000031  00000-0  00000+0 0  9996
2 26690  53.0221 163.4185 0177735 255.0450  96.2359  2.00554882117330
NAVSTAR 51 (USA 166)
1 27663U 03005A   17034.67930753 -.00000060  00000-0  00000+0 0  9993
2 27663  56.7390 350.0850 0090325  21.1638 217.5471  2.00567697102694
NAVSTAR 52 (USA 168)
1 27704U 03010A   17034.39098122 -.00000030  00000-0  00000+0 0  9996
2 27704  53.7797 103.7779 0240370 261.8841  89.6321  2.00554797101493
NAVSTAR 53 (USA 175)
1 28129U 03058A   17034.14351448  .00000034  00000-0  00000+0 0  9999
2 28129  52.9073 163.4381 0075974 256.5806 102.5504  2.00571342 96185
NAVSTAR 54 (USA 177)
1 28190U 04009A   17034.35492289 -.00000028  00000-0  00000+0 0  9990
2 28190  55.9308  51.2167 0099930  51.3809 104.7522  2.00566725 94366
NAVSTAR 55 (USA 178)
1 28361U 04023A   17034.41892831  .00000087  00000-0  00000+0 0  9994
2 28361  54.1365 225.4065 0113556 217.4474 260.7426  2.00548078 92451
NAVSTAR 56 (USA 180)
1 28474U 04045A   17034.24177281 -.00000028  00000-0  00000+0 0  9995
2 28474  54.1625 103.2003 0167668 244.1707 105.2286  2.00557178 89813
NAVSTAR 57 (USA 183)
1 28874U 05038A   17034.35525574 -.00000028  00000-0  00000+0 0  9996
2 28874  56.0910  48.4598 0118796 253.1773 282.0203  2.00575444 83212
NAVSTAR 58 (USA 190)
1 29486U 06042A   17034.46355831 -.00000011  00000-0  00000+0 0  9993
2 29486  55.4829 287.6379 0086128 341.6205 196.0614  2.00567099 75931
NAVSTAR 59 (USA 192)
1 29601U 06052A   17034.66144151 -.00000060  00000-0  00000+0 0  9990
2 29601  56.7111 349.0066 0062190  43.6505 316.8432  2.00573878 74851
NAVSTAR 60 (USA 196)
1 32260U 07047A   17034.97723687  .00000087  00000-0  00000+0 0  9999
2 32260  53.2635 221.8500 0089438  31.3635 329.1784  2.00555025 68248
NAVSTAR 61 (USA 199)
1 32384U 07062A   17034.43237848 -.00000028  00000-0  00000+0 0  9999
2 32384  56.1522  49.0295 0007167 330.8907 129.5180  2.00563210 66965
NAVSTAR 62 (USA 201)
1 32711U 08012A   17034.88271379 -.00000010  00000-0  00000+0 0  9996
2 32711  55.2091 287.0219 0102206 211.3359 148.1120  2.00571047 65152
NAVSTAR 64 (USA 206)
1 35752U 09043A   17033.79645517 +.00000041 +00000-0 +00000-0 0  9991
2 35752 054.2401 164.9666 0047921 029.9228 290.8868 02.00562523054738
NAVSTAR 65 (USA 213)
1 36585U 10022A   17034.37109027 -.00000060  00000-0  00000+0 0  9992
2 36585  56.0243 345.9293 0059380  41.4959  76.0982  2.00568028 48972
NAVSTAR 66 (USA 232)
1 37753U 11036A   17034.57483644 -.00000028  00000-0  00000+0 0  9992
2 37753  55.3726 106.1061 0060653  29.3033 324.3179  2.00561108 40668
NAVSTAR 67 (USA 239)
1 38833U 12053A   17034.07470805 -.00000006  00000-0  00000+0 0  9998
2 38833  54.2384 284.1044 0053708  23.4676 336.8403  2.00559650 31730
NAVSTAR 68 (USA 242)
1 39166U 13023A   17034.42818894 -.00000030  00000-0  00000+0 0  9996
2 39166  55.8001  45.5148 0042482  12.9086 347.2383  2.00565404 27262
NAVSTAR 69 (USA 248)
1 39533U 14008A   17034.92997266 -.00000016  00000-0  00000+0 0  9998
2 39533  54.3930 289.3436 0024037 181.6969 178.3536  2.00558022 21640
NAVSTAR 70 (USA 251)
1 39741U 14026A   17034.21153503 -.00000026  00000-0  00000+0 0  9990
2 39741  55.3606 105.6400 0008409 277.9119  82.0471  2.00570695 19909
NAVSTAR 71 (USA 256)
1 40105U 14045A   17034.30334478  .00000088  00000-0  00000+0 0  9996
2 40105  54.6586 225.2466 0006889 103.6645 256.4289  2.00560464 18359
NAVSTAR 72 (USA 258)
1 40294U 14068A   17034.16877812  .00000041  00000-0  00000+0 0  9997
2 40294  54.9856 165.8277 0004169   0.2460 359.7315  2.00547554 16570
NAVSTAR 73 (USA 260)
1 40534U 15013A   17034.80886208 -.00000065  00000-0  00000+0 0  9992
2 40534  54.9832 345.1428 0016882 346.6913  13.2708  2.00566255 13650
NAVSTAR 74 (USA 262)
1 40730U 15033A   17034.97191014 -.00000031  00000-0  00000+0 0  9997
2 40730  55.3356  45.2249 0026516 306.2136  53.5793  2.00574266 11411
NAVSTAR 75 (USA 265)
1 41019U 15062A   17034.52361708  .00000037  00000-0  00000+0 0  9995
2 41019  54.9965 165.5963 0022519 199.3812 160.5109  2.00563010  9224
NAVSTAR 76 (USA 266)
1 41328U 16007A   17034.10985742  .00000088  00000-0  00000+0 0  9998
2 41328  54.9179 225.4051 0008288 214.8637 145.0987  2.00561280  7275
