1 41884U 16078A   17040.49259097 +.00001885 +00000-0 +10471-3 0  9992
2 41884 034.9568 096.8605 0017255 285.5139 074.3653 15.13386176008488
1 41885U 16078B   17040.14889765  .00000607  00000-0  34602-4 0  9990
2 41885  34.9517  98.7675 0015456 281.4973  78.4023 15.13726904  8431
1 41886U 16078C   17040.48434933 +.00000776 +00000-0 +43926-4 0  9997
2 41886 034.9610 096.8034 0016457 284.0051 075.8826 15.13598260008481
1 41887U 16078D   17040.56184151  .00001922  00000-0  10695-3 0  9991
2 41887  34.9536  96.4654 0017577 286.4421  73.4356 15.13297811  8495
1 41888U 16078E   17040.48974459 +.00000907 +00000-0 +51242-4 0  9997
2 41888 034.9524 096.8149 0016796 285.1411 074.7441 15.13447533008478
1 41889U 16078F   17040.53961586 +.00001828 +00000-0 +10022-3 0  9994
2 41889 034.9593 096.3057 0015031 281.8794 078.0230 15.13889851008483
1 41890U 16078G   17040.27298379  .00001636  00000-0  89733-4 0  9993
2 41890  34.9525  97.8931 0014534 282.9474  76.9638 15.13950669  8442
1 41891U 16078H   17040.53371416  .00000600  00000-0  33950-4 0  9997
2 41891  34.9582  96.2454 0014245 283.3978  76.5146 15.14022643  8489
