NAVSTAR 43 (USA 132)
1 24876U 97035A   17040.92927806 +.00000043 +00000-0 +00000-0 0  9993
2 24876 055.5829 232.1195 0038456 106.7360 253.7014 02.00561900143479
NAVSTAR 46 (USA 145)
1 25933U 99055A   17040.95465667 -.00000032 +00000-0 +00000-0 0  9996
2 25933 051.5446 083.2141 0163930 092.7950 214.9214 02.00559949127097
NAVSTAR 47 (USA 150)
1 26360U 00025A   17040.96143682 -.00000035 +00000-0 +00000-0 0  9994
2 26360 053.0987 160.1979 0043901 088.8257 324.5676 02.00567842122797
NAVSTAR 48 (USA 151)
1 26407U 00040A   17040.94894185 -.00000093 +00000-0 +00000-0 0  9996
2 26407 056.6667 350.1089 0202247 269.6084 056.4002 02.00567759121467
NAVSTAR 49 (USA 154)
1 26605U 00071A   17040.94308954 +.00000040 +00000-0 +00000-0 0  9995
2 26605 055.1539 229.8993 0088879 248.4646 340.9790 02.00569203119061
NAVSTAR 50 (USA 156)
1 26690U 01004A   17040.96195549 -.00000034 +00000-0 +00000-0 0  9996
2 26690 053.0225 163.1472 0178095 255.1501 101.9627 02.00554811117466
NAVSTAR 51 (USA 166)
1 27663U 03005A   17040.62955274 -.00000092 +00000-0 +00000-0 0  9996
2 27663 056.7374 349.8533 0090574 021.3228 193.8193 02.00567378102821
NAVSTAR 52 (USA 168)
1 27704U 03010A   17040.47365852 -.00000028  00000-0  00000+0 0  9996
2 27704  53.7831 103.5247 0240622 262.0321 161.3289  2.00555272101610
NAVSTAR 53 (USA 175)
1 28129U 03058A   17040.62468855 -.00000035  00000-0  00000+0 0  9992
2 28129  52.9078 163.1663 0076157 256.8035 102.3072  2.00572113 96311
NAVSTAR 54 (USA 177)
1 28190U 04009A   17040.89615816 -.00000041 +00000-0 +00000-0 0  9995
2 28190 055.9350 050.9570 0099948 051.5041 147.7880 02.00566649094501
NAVSTAR 55 (USA 178)
1 28361U 04023A   17040.96158344 +.00000033 +00000-0 +00000-0 0  9997
2 28361 054.1352 225.1394 0113778 217.5368 304.4522 02.00548504092567
NAVSTAR 56 (USA 180)
1 28474U 04045A   17040.91503701 -.00000025 +00000-0 +00000-0 0  9994
2 28474 054.1661 102.9253 0167955 244.3789 243.3231 02.00556746089956
NAVSTAR 57 (USA 183)
1 28874U 05038A   17040.89396786 -.00000043 +00000-0 +00000-0 0  9991
2 28874 056.0949 048.2012 0118877 253.3252 323.4077 02.00575101083351
NAVSTAR 58 (USA 190)
1 29486U 06042A   17040.71614965 -.00000002 +00000-0 +00000-0 0  9995
2 29486 055.4788 287.3874 0086086 341.8721 030.5713 02.00566730075955
NAVSTAR 59 (USA 192)
1 29601U 06052A   17040.14556241 -.00000092  00000-0  00000+0 0  9992
2 29601  56.7097 348.7930 0062445  43.8094 316.6745  2.00574261 74962
NAVSTAR 60 (USA 196)
1 32260U 07047A   17040.96036837  .00000028  00000-0  00000+0 0  9994
2 32260  53.2623 221.6004 0089482  31.4646 329.0584  2.00554733 68369
NAVSTAR 61 (USA 199)
1 32384U 07062A   17040.76784531 -.00000042 +00000-0 +00000-0 0  9995
2 32384 056.1562 048.7794 0007254 331.7846 023.1281 02.00563627067063
NAVSTAR 62 (USA 201)
1 32711U 08012A   17040.36689351 -.00000000 +00000-0 +00000-0 0  9999
2 32711 055.2056 286.8009 0102303 211.3125 148.1436 02.00571228065281
NAVSTAR 64 (USA 206)
1 35752U 09043A   17040.74613184 -.00000032 +00000-0 +00000-0 0  9990
2 35752 054.2404 164.6848 0047942 029.8228 269.0057 02.00562096054870
NAVSTAR 65 (USA 213)
1 36585U 10022A   17040.55894503 -.00000092  00000-0  00000+0 0  9994
2 36585  56.0224 345.6841 0059730  41.6324 223.9889  2.00568413 49107
NAVSTAR 66 (USA 232)
1 37753U 11036A   17040.71175431 -.00000024 +00000-0 +00000-0 0  9994
2 37753 055.3757 105.8608 0060872 029.1855 075.5525 02.00561206040791
NAVSTAR 67 (USA 239)
1 38833U 12053A   17040.05777022  .00000004  00000-0  00000+0 0  9991
2 38833  54.2346 283.8572 0053961  23.7365 336.5813  2.00559784 31852
NAVSTAR 68 (USA 242)
1 39166U 13023A   17040.90968088 -.00000048 +00000-0 +00000-0 0  9997
2 39166 055.8039 045.2565 0042856 012.9647 347.1756 02.00565433027402
NAVSTAR 69 (USA 248)
1 39533U 14008A   17040.91308732 -.00000008  00000-0  00000+0 0  9999
2 39533  54.3891 289.0975 0024166 181.2792 178.7827  2.00558369 21768
NAVSTAR 70 (USA 251)
1 39741U 14026A   17040.19428617 -.00000026  00000-0  00000+0 0  9995
2 39741  55.3635 105.4009 0008590 278.5681  81.3960  2.00570350 20024
NAVSTAR 71 (USA 256)
1 40105U 14045A   17040.78492702 +.00000037 +00000-0 +00000-0 0  9995
2 40105 054.6574 224.9854 0006910 104.1669 255.9102 02.00560968017626
NAVSTAR 72 (USA 258)
1 40294U 14068A   17040.65077646 -.00000031 +00000-0 +00000-0 0  9996
2 40294 054.9860 165.5699 0004287 358.3308 001.6262 02.00548138016729
NAVSTAR 73 (USA 260)
1 40534U 15013A   17040.79173872 -.00000093  00000-0  00000+0 0  9994
2 40534  54.9812 344.8996 0017066 347.4889  12.4646  2.00565983 13772
NAVSTAR 74 (USA 262)
1 40730U 15033A   17040.95455340 -.00000050  00000-0  00000+0 0  9998
2 40730  55.3390  44.9837 0026707 306.8535  52.9313  2.00573983 11538
NAVSTAR 75 (USA 265)
1 41019U 15062A   17040.50654516 -.00000031 +00000-0 +00000-0 0  9998
2 41019 054.9967 165.3586 0022740 199.8324 160.0383 02.00563056009346
NAVSTAR 76 (USA 266)
1 41328U 16007A   17040.59143185 +.00000041 +00000-0 +00000-0 0  9995
2 41328 054.9167 225.1457 0008504 214.5401 145.4067 02.00561052007401
